start=274.232000
volume=84.000000
sub-ass-override=force
