start=6192.400000
pause=yes
volume=138.000000
