start=6591.441167
volume=98.000000
