start=2706.667000
volume=54.000000
