start=1334.041000
pause=yes
volume=56.000000
