start=1342.550000
volume=60.000000
