start=610.276000
volume=58.000000
deinterlace=auto
aid=1
sid=12
sub-delay=0.100000
sub-scale=0.800000
sub-ass-override=force
