start=15758.266000
pause=yes
volume=66.000000
