start=116.666667
volume=37.340031
