start=1262.323711
speed=2.593742
volume=80.000000
