start=1558.400000
volume=48.000000
