speed=3.452271
volume=136.000000
deinterlace=yes
sub-delay=0.100000
sub-scale=0.900000
sub-ass-override=no
