start=1350.642000
volume=70.000000
aid=1
sid=1
sub-visibility=no
