start=5475.632000
volume=26.000000
contrast=-1
