start=14770.690000
volume=56.000000
