start=132.866000
volume=62.000000
fullscreen=yes
