start=7783.413000
speed=7.400250
volume=110.000000
fullscreen=yes
sub-scale=0.800000
