start=0.000000
pause=yes
volume=118.000000
