start=29.458659
volume=88.000000
