start=1026.409000
volume=136.000000
deinterlace=yes
