start=82.219333
pause=yes
volume=90.000000
