start=1286.411000
volume=70.000000
sid=5
sub-pos=97.000000
sub-scale=0.800000
