start=5424.800000
volume=56.000000
