start=2105.400000
volume=68.000000
