start=299.611956
volume=72.000000
fullscreen=yes
