start=82.916000
sub-pos=97
sub-scale=1.400000
