start=2595.766667
volume=74.000000
