start=84.309020
volume=74.000000
