start=1353.477125
pause=yes
volume=94.000000
