start=1262.595000
speed=1.948717
volume=46.000000
sid=2
