start=10.125000
volume=56.000000
sub-ass-override=force
