start=1419.418000
volume=88.000000
fullscreen=yes
sid=1
sub-pos=101
sub-ass-override=no
