start=596.125000
speed=3.797498
volume=72.000000
