start=2.440000
volume=94.000000
contrast=-1.000000
deinterlace=yes
sub-scale=0.800000
sub-ass-override=force
