start=17395.600530
speed=1.771561
volume=46.000000
aid=1
