start=1594.760000
volume=74.000000
