start=1365.573000
volume=70.000000
