start=1409.535000
volume=96.000000
fullscreen=yes
