start=177.144000
volume=80.000000
