start=490.083000
pause=yes
volume=0.000000
fullscreen=yes
sub-scale=0.700000
