start=97.733333
speed=0.620921
