start=1411.452000
volume=76.000000
deinterlace=yes
panscan=1.000000
aid=1
sid=2
sub-pos=97
sub-scale=0.800000
sub-ass-override=force
