start=1351.101000
volume=100.000000
sid=7
sub-pos=98
sub-scale=0.800000
