start=0.459000
pause=yes
volume=82.000000
