start=277.777500
volume=80.000000
