start=1396.645000
speed=1.210000
volume=84.000000
fullscreen=yes
sid=1
