start=1440.099839
pause=yes
volume=100.000000
