start=1503.919000
pause=yes
volume=78.000000
sub-pos=98
sub-scale=0.800000
