start=1398.272000
speed=1.331000
volume=80.000000
sid=1
