start=262.800680
pause=yes
volume=70.000000
