start=373.068167
volume=52.000000
