start=1325.950000
volume=90.000000
