start=3.242667
volume=60.000000
