start=104.458667
speed=1.948717
pause=yes
volume=60.000000
fullscreen=yes
