start=1430.179000
volume=40.000000
fullscreen=yes
sid=46
