start=5070.440375
pause=yes
volume=74.000000
