start=1440.105619
speed=1.464100
pause=yes
volume=80.000000
fullscreen=yes
