start=1736.401000
volume=66.000000
fullscreen=yes
sid=1
