start=876.479922
volume=58.000000
fullscreen=yes
