start=775.149000
volume=100.000000
fullscreen=yes
