start=1393.788378
volume=90.000000
