start=1456.872000
volume=40.000000
sid=1
