start=232.149000
volume=38.000000
