start=3.139000
speed=1.771561
volume=150.000000
