start=337.921000
volume=82.000000
