start=84.209000
volume=96.000000
sid=1
