start=1358.525000
speed=2.143589
volume=106.000000
sub-scale=0.800000
