start=958.249000
volume=80.000000
deinterlace=yes
sid=1
