start=0.334000
speed=1.610510
volume=80.000000
sid=3
