start=417.125000
volume=82.000000
aid=3
sid=1
