start=1549.757000
speed=1.210000
volume=60.000000
fullscreen=yes
contrast=-1.000000
sid=1
