start=985.200000
volume=74.000000
fullscreen=yes
contrast=-1
