start=15.695354
volume=76.000000
