start=1393.642000
pause=yes
volume=66.000000
sid=1
