start=4.150000
pause=yes
volume=100.000000
deinterlace=yes
sub-delay=-5.099998
sub-pos=97
sub-scale=0.800000
sub-ass-override=force
ab-loop-a=318.339000
