start=7805.756000
speed=1.610510
volume=68.000000
sid=1
sub-ass-override=force
