start=1065.466000
volume=150.000000
fullscreen=yes
