start=26.483000
speed=2.593742
pause=yes
