start=127.003000
speed=2.357948
volume=134.000000
fullscreen=yes
