start=55.472000
volume=90.000000
fullscreen=yes
