start=70.667000
pause=yes
volume=45.659985
