start=6746.080000
pause=yes
volume=62.000000
