start=1450.086722
pause=yes
volume=100.000000
sid=7
