start=640.543500
pause=yes
volume=64.280029
