start=6599.356031
volume=54.000000
aid=2
sid=2
sub-scale=0.800000
sub-ass-override=force
