start=570.033000
volume=80.000000
