start=5.760000
volume=38.000000
