start=1824.449000
volume=140.000000
sid=1
sub-pos=98.000000
sub-scale=0.800000
