start=1.540000
volume=94.000000
