start=1673.045038
speed=1.464100
volume=28.000000
aid=2
sid=1
