start=5907.728000
volume=84.000000
sub-visibility=no
