start=7508.500000
volume=56.000000
deinterlace=yes
sid=2
sub-scale=1.100000
