start=7.189810
volume=76.000000
