start=1353.143000
volume=68.000000
sid=1
