start=1354.979000
volume=52.000000
fullscreen=yes
sid=1
