start=4580.167000
speed=2.143589
volume=58.899982
