start=0.042000
fullscreen=yes
sub-scale=0.800000
