start=1247.830000
volume=58.000000
fullscreen=yes
sid=1
