start=1.957000
volume=48.000000
