start=1454.703000
volume=56.000000
