start=1425.507000
volume=70.000000
sid=1
sub-delay=-1.000000
sub-pos=98
sub-scale=0.800000
sub-ass-override=force
