start=1398.355000
volume=100.000000
fullscreen=yes
aid=2
sid=3
sub-delay=-4.999998
sub-pos=97
sub-scale=0.700000
sub-ass-override=force
