start=1374.999000
speed=1.464100
volume=76.000000
fullscreen=yes
sid=1
