start=442.442000
volume=86.000000
