start=948.962000
speed=2.143589
volume=130.000000
