start=1362.695000
volume=80.000000
ontop=yes
sid=2
sub-pos=98
sub-scale=0.600000
sub-ass-override=force
