start=254.254000
volume=72.000000
