start=790.999000
volume=78.000000
fullscreen=yes
sid=1
