start=158.658000
volume=90.000000
fullscreen=yes
