start=223.979224
volume=138.000000
