start=1891.489600
volume=64.000000
fullscreen=yes
