start=261.240000
volume=96.000000
