start=1417.458000
volume=70.000000
sid=1
