start=1342.320289
volume=70.000000
fullscreen=yes
