start=1352.476000
speed=1.610510
volume=100.000000
fullscreen=yes
