start=1321.237000
pause=yes
volume=80.000000
deinterlace=yes
sid=3
sub-pos=96
sub-scale=0.800000
sub-ass-override=force
