start=1318.025000
speed=1.464100
pause=yes
sid=1
