start=1435.114000
pause=yes
volume=110.000000
fullscreen=yes
sid=2
