start=96.535326
volume=64.000000
fullscreen=yes
