start=897.190000
volume=68.000000
