start=791.916000
volume=80.000000
sid=1
