start=1364.196000
pause=yes
volume=30.000000
