start=320.958000
volume=86.000000
