start=1344.416667
volume=52.000000
deinterlace=auto
