start=106.500000
volume=58.000000
