start=1418.876000
volume=88.000000
