start=1308.369711
volume=110.000000
