start=2.033000
volume=92.000000
