start=1420.034286
pause=yes
volume=84.000000
