start=486.820000
volume=24.000000
fullscreen=yes
