start=1431.403720
volume=70.000000
fullscreen=yes
aid=1
sid=1
sub-pos=97
sub-scale=1.300000
