start=820.019000
volume=60.000000
