start=63.507720
volume=56.000000
