start=19.394375
volume=56.000000
