start=1597.221000
volume=70.000000
fullscreen=yes
sid=1
