start=1703.368000
volume=54.000000
fullscreen=yes
sid=1
