start=138.938800
volume=92.000000
