start=1608.491833
volume=110.000000
deinterlace=yes
