start=13.680000
pause=yes
volume=36.000000
