start=343.635000
volume=102.000000
sid=1
