start=366.933000
pause=yes
volume=100.000000
