start=1332.164167
volume=80.000000
fullscreen=yes
vid=1
sub-delay=0.700002
sub-pos=17
sub-ass-override=force
