start=6459.448000
speed=4.594973
volume=68.000000
