start=18.539500
volume=56.000000
