start=1635.717000
pause=yes
volume=100.000000
fullscreen=yes
sid=1
