start=513.360000
volume=58.000000
