start=1050.841000
volume=124.000000
sid=1
sub-pos=99
sub-scale=0.900000
sub-ass-override=force
