start=447.364000
volume=48.000000
fullscreen=yes
sid=1
sub-scale=0.700000
sub-ass-override=force
