start=1337.942922
speed=3.138428
volume=90.000000
fullscreen=yes
