start=1302.301000
volume=48.000000
