start=142.166000
contrast=-1.000000
