start=1453.514711
speed=2.593742
volume=108.000000
