start=1260.125000
volume=70.000000
fullscreen=yes
