start=1183.849000
volume=96.000000
fullscreen=yes
sid=2
sub-pos=97
sub-scale=0.600000
sub-ass-override=no
