start=56.598208
volume=54.000000
