start=0.459000
volume=30.000000
