start=2421.867000
volume=70.000000
deinterlace=yes
