start=0.000000
pause=yes
volume=94.780014
