start=17.933333
speed=4.594973
