start=244.044853
pause=yes
volume=60.000000
