start=1387.263000
volume=128.000000
fullscreen=yes
sid=1
