start=224.400000
volume=80.000000
