start=176.574619
volume=84.000000
fullscreen=yes
