start=1437.436000
volume=60.000000
sid=26
sub-scale=0.800000
sub-ass-override=force
