start=1213.879000
speed=2.853117
volume=86.000000
fullscreen=yes
