start=1600.182000
volume=40.000000
sid=1
