start=170.712000
volume=86.000000
