start=7.841000
speed=1.464100
volume=34.000000
sid=1
