start=236.403000
volume=128.000000
sid=3
