start=827.785000
volume=58.000000
