start=3197.800000
volume=80.000000
sub-visibility=no
