start=1327.201000
speed=1.948717
volume=70.000000
fullscreen=yes
