start=829.520000
pause=yes
volume=84.000000
sid=1
