start=1420.010000
pause=yes
volume=100.000000
