start=117.908756
pause=yes
volume=150.000000
