start=1212.920000
volume=90.000000
sid=2
