start=53.987267
volume=90.000000
fullscreen=yes
