volume=80.000000
sub-ass-override=no
ab-loop-a=1.188833
