start=509.000000
volume=90.000000
fullscreen=yes
sub-scale=0.800000
