start=1442.003211
pause=yes
volume=80.000000
