start=0.291958
volume=38.000000
fullscreen=yes
