start=1396.103042
volume=88.000000
