start=1549.068308
speed=1.210000
fullscreen=yes
sid=1
