start=531.031000
volume=44.280010
fullscreen=yes
sid=1
