start=273.717500
pause=yes
volume=90.000000
