start=3200.906000
volume=64.000000
