start=1.702000
volume=34.000000
