start=1336.105756
speed=5.559917
volume=80.000000
fullscreen=yes
