start=1486.775770
volume=12.000000
aid=2
