start=869.736403
pause=yes
volume=20.000000
