start=1782.447000
speed=1.210000
volume=40.000000
fullscreen=yes
sid=1
