start=1341.090000
speed=1.464100
volume=76.000000
sid=2
