start=1673.540207
volume=18.000000
