start=575.158000
volume=106.000000
sid=1
sub-ass-override=force
