start=690.300000
volume=64.000000
contrast=-1.000000
