start=33.075000
volume=68.000000
fullscreen=yes
