start=71.550789
speed=2.853117
fullscreen=yes
