start=0.876000
speed=1.771561
volume=80.000000
