start=60.333000
volume=62.000000
