start=1317.483000
volume=54.000000
fullscreen=yes
sid=1
