start=1320.319000
volume=72.000000
fullscreen=yes
