start=118.724922
volume=58.000000
