start=1536.577000
volume=68.000000
fullscreen=yes
sid=1
