start=0.000000
volume=100.000000
aid=1
