start=193.026000
volume=98.000000
sub-pos=98
sub-scale=0.700000
sub-ass-override=force
