start=98.640378
volume=82.000000
fullscreen=yes
