start=1335.709000
volume=130.000000
fullscreen=yes
sid=3
sub-pos=97
sub-scale=1.300000
