start=184.218000
pause=yes
volume=64.000000
