start=286.077000
volume=40.000000
fullscreen=yes
sid=46
