start=174.000000
volume=60.000000
aid=3
sid=3
sub-scale=0.900000
sub-ass-override=force
