start=0.834000
speed=4.594973
volume=114.000000
fullscreen=yes
sid=7
