start=1323.614000
speed=2.853117
volume=70.000000
fullscreen=yes
panscan=0.100000
sid=1
sub-delay=-0.700000
sub-pos=97
sub-scale=0.900000
