start=148.682000
speed=1.464100
volume=120.000000
sub-visibility=no
