start=10.010000
volume=68.000000
