start=1400.461711
volume=80.000000
fullscreen=yes
