start=42.188122
volume=80.000000
