start=1420.076394
speed=1.948717
pause=yes
volume=66.000000
fullscreen=yes
