start=2764.928833
volume=80.000000
fullscreen=yes
