start=1371.787000
speed=1.771561
volume=32.000000
contrast=-1.000000
sid=1
