start=1344.301000
volume=60.000000
fullscreen=yes
sid=1
