start=2890.554333
volume=66.000000
