start=3679.342333
volume=150.000000
