start=58.559000
volume=40.579956
sid=5
sub-pos=98
sub-scale=0.900000
