start=1336.626958
volume=60.000000
sub-scale=0.900000
