start=684.538167
volume=70.000000
fullscreen=yes
