start=3466.033000
volume=52.000000
