start=2.868800
volume=54.000000
