start=1365.281000
volume=84.000000
sid=2
sub-scale=0.700000
sub-ass-override=force
