start=1173.539000
speed=1.610510
volume=70.000000
fullscreen=yes
