start=350.308000
volume=80.000000
