start=2598.662000
volume=66.000000
