start=8653.733000
volume=54.000000
fullscreen=yes
