start=1302.155167
volume=70.000000
fullscreen=yes
