start=1469.927000
pause=yes
volume=98.259987
fullscreen=yes
sid=1
