start=164.706000
volume=60.000000
sid=1
