start=137.387000
volume=60.000000
sid=1
