start=1414.308878
speed=1.948717
volume=68.000000
fullscreen=yes
