start=920.430000
volume=30.000000
