start=3823.301791
pause=yes
volume=30.000000
