start=1442.105510
pause=yes
volume=100.000000
fullscreen=yes
sid=1
