start=1420.075662
pause=yes
volume=106.000000
panscan=0.100000
sid=6
sub-pos=98
