start=172.262667
volume=98.000000
