start=948.823000
volume=96.000000
fullscreen=yes
sid=1
