start=247.167000
volume=90.000000
fullscreen=yes
sub-scale=0.900000
