start=1206.226000
speed=1.210000
volume=70.000000
deinterlace=yes
