start=73.031000
volume=52.000000
fullscreen=yes
