start=255.541667
volume=48.000000
