start=1657.531000
speed=1.948717
volume=62.000000
sid=1
