start=60.567000
pause=yes
volume=150.000000
