start=2294.325367
volume=62.000000
