start=1450.053682
pause=yes
volume=70.000000
fullscreen=yes
sid=7
sub-scale=0.800000
