start=1569.860000
speed=1.331000
volume=54.000000
fullscreen=yes
sid=1
