start=1691.815000
speed=4.594973
volume=56.000000
sid=26
sub-pos=97.000000
sub-scale=1.300000
sub-ass-override=force
