start=880.546477
speed=2.143589
pause=yes
volume=60.000000
deinterlace=yes
