start=430.722000
volume=70.000000
fullscreen=yes
sub-pos=97
sub-scale=0.900000
