start=6539.616417
volume=120.000000
fullscreen=yes
