start=24204.080000
pause=yes
volume=62.000000
