start=1267.183000
pause=yes
volume=70.000000
sid=1
sub-scale=0.800000
sub-ass-override=force
