start=1437.748956
volume=98.000000
fullscreen=yes
