start=971.971000
speed=1.331000
sid=1
