start=1135.425533
volume=64.000000
