start=0.000000
volume=140.000000
sub-pos=98.000000
sub-scale=0.800000
