start=1138.167000
pause=yes
volume=82.000000
