start=5310.457000
volume=62.000000
