start=323.740083
volume=144.000000
aid=1
