start=639.872567
volume=80.000000
fullscreen=yes
