start=1379.148756
speed=5.054470
volume=88.000000
fullscreen=yes
