start=9.016667
pause=yes
volume=82.000000
