start=161.745000
volume=110.000000
fullscreen=yes
sid=7
sub-scale=0.800000
