start=1420.080713
speed=2.593742
pause=yes
volume=88.000000
sub-scale=0.800000
