start=0.083000
volume=98.000000
