start=1309.120456
volume=90.000000
