start=1307.495833
volume=66.000000
fullscreen=yes
