start=1341.154456
speed=2.143589
volume=80.000000
fullscreen=yes
