start=16590.230000
volume=108.000000
