start=1728.000000
volume=58.000000
