start=1515.149758
speed=2.143589
pause=yes
volume=70.000000
fullscreen=yes
