start=1333.040000
pause=yes
volume=66.000000
