start=753.453000
volume=150.000000
sub-delay=-0.000000
