start=88.130000
volume=58.000000
