start=1029.695000
volume=60.000000
