start=37.096471
speed=2.357948
pause=yes
volume=34.000000
sub-visibility=no
