start=1837.711000
volume=114.000000
aid=2
