start=23.630000
volume=64.000000
