start=8322.633000
volume=150.000000
