start=1.543000
volume=82.000000
sid=1
