start=1315.626956
volume=130.000000
fullscreen=yes
