start=35.890167
volume=60.000000
fullscreen=yes
