start=292.452667
pause=yes
volume=70.000000
