start=242.876000
volume=70.000000
