start=1081.457075
speed=1.610510
volume=60.000000
sid=1
sub-pos=99.000000
sub-scale=0.700000
sub-ass-override=force
