start=997.800000
pause=yes
volume=94.000000
fullscreen=yes
sid=1
sub-scale=0.700000
