start=1597.239467
volume=56.000000
